11.30042
11.84838
14.7912
14.75222
15.06811
15.22153
14.94294
8.763927
14.83469
8.678341
8.689442
15.12565
14.92927
15.00747
14.96872
14.84865
15.23369
8.745301
15.04399
7.716257
8.736189
15.10067
14.96512
14.92364
14.97988
14.93777
14.61791
7.719982
14.85566
15.02594
14.90627
15.09926
14.92994
15.10319
8.714858
8.715046
14.97443
15.14114
14.90668
14.90633
14.88681
14.52474
14.99631
15.19999
15.22849
14.72855
15.11523
15.21492
15.07968
14.84582
15.1825
14.8928
14.82517
14.74196
8.715808
15.1344
8.756521
14.77942
14.86379
14.84076
15.07046
8.774942
14.51686
14.86945
14.98633
14.9208
8.745731
14.87796
12.93231
15.14884
15.17001
14.81892
14.68574
8.772199
8.703338
15.09554
14.90199
15.1846
15.20933
14.90978
14.97014
11.9896
8.718801
15.23612
15.19087
15.15192
15.25254
8.705701
14.89858
14.79263
14.91856
14.70552
15.25759
8.704784
8.715473
8.762589
14.94523
8.686702
14.91936
14.66833
