2.415447
2.172382
5.166168
22.82066
23.01693
22.84039
22.86476
23.04707
23.17157
22.97064
12.70691
12.98003
13.18207
22.905
13.4731
22.79543
13.52464
22.80994
13.79923
22.92189
22.79456
23.13095
22.96696
22.7956
22.90433
22.70017
23.15512
22.88467
22.94569
12.54835
22.90179
22.98405
23.13223
22.89045
22.90329
22.57658
22.91283
23.09896
12.64981
22.92212
22.87995
22.89088
23.21041
22.98931
22.93442
22.90744
23.01401
22.48173
22.61857
13.91752
23.17591
23.08513
22.99714
22.92064
22.57413
23.0118
22.70109
22.91278
23.23655
23.04482
22.62384
22.98869
23.0385
22.81253
23.06331
23.01917
22.92336
22.98792
23.22253
22.92277
22.89873
22.739
22.86083
13.0546
22.88877
22.72069
22.85265
13.24925
22.70218
23.06524
23.25872
22.59488
23.09967
22.61363
23.02243
22.90692
23.13975
22.99296
NaN
22.97248
22.96184
22.84163
23.00933
22.68357
23.17447
23.21376
23.08237
22.99058
13.63849
22.97818
