-9.963709
-8.608444
-9.72746
-7.986448
-8.343036
-7.087514
-8.533918
-11.93608
-7.731121
-8.070634
-7.361143
-7.227256
-8.564423
-8.322022
-11.06123
-11.69082
-9.957523
-7.23482
-11.03501
-8.314543
-7.659922
-8.199082
-7.727273
-11.2719
-13.84793
-10.88429
-11.90334
-7.666408
-10.85705
-7.518377
-11.28786
-8.079625
-8.593679
-9.635124
-8.390235
-13.06412
-11.43473
-7.863054
-2.189148
-11.44195
-7.975279
-8.363918
-7.006138
-8.205836
-7.940928
-7.603587
-7.746592
-7.682224
-1.960742
-7.8501
-7.437928
-7.525914
5.985008
-8.344581
-13.54355
-10.39235
-7.734189
-8.008893
5.423189
-8.206641
-13.77365
-8.192976
-8.49729
-13.49897
-8.337624
-7.027282
-9.514339
-8.4479
-8.35357
-6.897117
-8.594931
5.298347
-14.27074
-13.82849
-8.263977
-7.444545
-7.82259
-8.149191
-7.759027
-8.079276
-1.757302
-8.403693
-7.343755
-13.48579
-7.146293
-6.926162
-7.312178
-7.427508
-7.932262
5.445314
-8.357123
-7.505316
-13.51096
-7.72328
-7.323564
-7.448551
-7.364461
-7.611794
5.304887
-12.88401
